VRGFIP=    98
VRGFOP=    32
PERIOD=    10.000000
WAVE_CHOICE=  1
G1=        1
G2=        4.610713
G3=        0.000120
G4=        0.000452
G5=        1.000000
G6=        1.000000
G7=        0.000000
G8=        250000.000000
G9=        0.000000
